"p","truediv","chaoest","obsD","upper","lower","l","inds","reps"
0.87,200,194.691615384615,194,205.891291534697,186.380086989243,1,1000,50
0.4555,200,201.1625,197,216.56708854841,189.666174212745,1,1000,50
0.3875,200,202.1625,198,216.007797174631,191.425817511237,1,1000,50
0.217,200,204.6237,195,218.798782645629,193.815782645629,1,1000,50
0.604,200,198.87712,196,210.99167573261,189.255405144374,1,1000,50
0.4735,200,201.036434782609,194,216.42680915638,189.134119852475,1,1000,50
0.463,200,201.089142857143,195,215.309668869667,190.288743449499,1,1000,50
0.5105,200,200.3936,194,214.000225508777,189.835321662623,1,1000,50
0.6365,200,198.6828125,194,212.831498486798,188.433842360316,1,1000,50
0.861,200,194.74925,194,205.482790783911,186.494711836543,1,1000,50
0.343,200,202.91608,199,217.635003441892,192.465971267979,1,1000,50
0.4845,200,200.736,196,215.168730925063,189.770480925063,1,1000,50
0.295,200,203.4955,199,217.613347844206,192.907019272778,1,1000,50
0.6435,200,198.375931034483,195,212.386644320731,187.891575570731,1,1000,50
0.5995,200,199.089142857143,193,213.839271356524,188.180495257623,1,1000,50
0.757,200,196.878071428571,194,209.199961135558,187.593775421273,1,1000,50
0.4025,200,202.1625,198,217.620289321977,191.775030393406,1,1000,50
0.6335,200,198.559652173913,193,212.568842937081,187.757616692737,1,1000,50
0.525,200,200.152736842105,195,213.060414747911,190.369465884275,1,1000,50
0.3915,200,202.356272727273,195,217.944784355054,190.844385033787,1,1000,50
0.1835,200,206.196340909091,198,221.632187858993,194.089223573279,1,1000,50
0.2255,200,205.02221875,196,219.640371265024,193.731296265024,1,1000,50
0.5695,200,199.664,197,212.917280145117,189.865984950609,1,1000,50
0.632,200,198.81585,198,210.304936815299,190.231816125643,1,1000,50
0.7715,200,196.014839285714,193,210.184382419699,185.839888133984,1,1000,50
0.737,200,196.87712,194,209.37559960348,187.070735967116,1,1000,50
0.4965,200,200.5183125,198,213.529315103975,191.350432751034,1,1000,50
0.635,200,198.5173125,195,212.145758393768,188.150534255837,1,1000,50
0.5385,200,199.997,197,212.828231783439,190.176561783439,1,1000,50
0.418,200,201.5173125,198,214.053333489244,192.150910695127,1,1000,50
0.9075,200,192.926642857143,191,204.46670414493,184.39678414493,1,1000,50
0.704,200,197.759108695652,196,208.744138224848,188.918638224848,1,1000,50
0.67,200,197.6828125,193,211.268838673865,186.973651173865,1,1000,50
0.598,200,199.08125,197,210.430319410045,189.67428369576,1,1000,50
0.5705,200,199.627804347826,197,212.759533542563,189.775533542563,1,1000,50
0.376,200,202.561613636364,196,216.679943746684,190.879219608753,1,1000,50
0.6895,200,197.719867647059,197,211.210845458009,188.184646320078,1,1000,50
0.3035,200,203.559652173913,198,218.297973840994,192.565190879534,1,1000,50
0.431,200,201.626,198,215.912264169371,190.780929386762,1,1000,50
0.2375,200,205.135714285714,198,220.147739036346,192.713506299773,1,1000,50
0.775,200,196.24675,193,210.489903356156,186.249260499013,1,1000,50
0.3355,200,202.886413043478,198,216.420834487175,192.864404487175,1,1000,50
0.2905,200,203.874071428571,197,218.921516904976,192.777815224303,1,1000,50
0.183,200,205.521882352941,198,219.294235350795,194.460920335315,1,1000,50
0.567,200,199.758941176471,194,212.656364575181,190.179694838339,1,1000,50
0.228,200,204.836307692308,195,219.230312637167,193.668337637167,1,1000,50
0.801,200,196.121875,193,208.061460555427,187.198146269713,1,1000,50
0.3635,200,202.521882352941,195,217.372691620001,191.613691620001,1,1000,50
0.449,200,201.108522727273,196,213.717177717862,190.060373507336,1,1000,50
0.833,200,194.480275862069,192,208.543486156109,183.942646716454,1,1000,50
