"p","truediv","chaoest","obsD","upper","lower","l","inds","reps"
0.975,100,85.22705,83,100.558849536758,77.1602895367583,1,10000,50
0.852,100,92.1239875,82,122.563581774286,79.6510067742857,1,10000,50
0.751,100,97.1239875,87,121.434631758278,85.7011942582781,1,10000,50
0.725,100,96.9988,85,124.328482327545,84.2692885775447,1,10000,50
0.3855,100,107.3312,86,153.004727432067,87.0439574320673,1,10000,50
0.9375,100,87.7851357142857,82,107.777987501435,78.2802375014355,1,10000,50
0.811,100,93.999,84,118.954628530103,82.091048530103,1,10000,50
0.8695,100,91.082325,81,119.714835744334,78.0044214586195,1,10000,50
0.2875,100,109.9976,86,161.199576072212,89.777947500783,1,10000,50
0.7855,100,95.6419928571429,87,120.630815004683,84.2340550046835,1,10000,50
0.65,100,99.39856,85,134.485413306417,83.9898633064169,1,10000,50
0.6925,100,97.9982,80,131.422261230659,84.8259212306593,1,10000,50
0.933,100,88.68145,85,107.449273375234,79.3687483752335,1,10000,50
0.899,100,90.09919,82,114.198081286854,78.9872170011401,1,10000,50
0.852,100,92.9991,84,121.13391973217,80.7207947321703,1,10000,50
0.9755,100,84.7855357142857,83,99.9356809738393,77.973391688125,1,10000,50
0.9605,100,86.082925,82,102.119196276614,77.871021276614,1,10000,50
0.9235,100,89.3328,84,110.100835855206,79.6037858552061,1,10000,50
0.7715,100,95.9991,87,122.004337418198,83.6907024181977,1,10000,50
0.2555,100,110.49775,88,157.739483677424,90.2793636774244,1,10000,50
0.766,100,95.49875,83,121.845402765776,82.3487527657761,1,10000,50
0.947,100,89.19968,86,105.16965838296,80.8323065972459,1,10000,50
0.9715,100,84.06219375,81,102.417058442246,75.6692334422459,1,10000,50
0.2645,100,110.3312,89,152.59209025454,90.4718027545398,1,10000,50
0.979,100,82.249775,80,98.7911727900275,74.6935827900275,1,10000,50
0.5115,100,103.3317,87,142.989072385282,85.7942923852816,1,10000,50
0.932,100,89.5552,86,107.553902916071,80.7835529160714,1,10000,50
0.9875,100,81.3332,80,94.80925669,75.19425169,1,10000,50
0.7595,100,96.49875,84,133.302231595034,82.8069815950343,1,10000,50
0.8735,100,90.6656,80,126.340855773929,78.1782057739286,1,10000,50
0.904,100,90.3328,85,113.132428827521,80.8853538275206,1,10000,50
0.9825,100,79.1246875,76,96.6096083776786,71.7615933776786,1,10000,50
0.6795,100,98.39856,84,133.91456060886,83.0844106088599,1,10000,50
0.858,100,92.3325,84,123.174664585893,80.3219074430357,1,10000,50
0.944,100,88.3328,83,110.710132308949,78.856075166092,1,10000,50
0.654,100,98.665,82,129.608047924245,83.8126279242445,1,10000,50
0.8745,100,89.6656,79,121.574321434375,76.744771434375,1,10000,50
0.9175,100,89.9995,85,107.570310176346,80.3000101763461,1,10000,50
0.693,100,98.09879,86,127.158883434444,84.5621434344437,1,10000,50
0.94,100,88.9996,85,107.846152009038,80.4913448661813,1,10000,50
0.9655,100,83.72195,81,103.756283001676,75.5087080016758,1,10000,50
0.779,100,95.38795,86,118.818026636102,83.0710016361023,1,10000,50
0.6525,100,98.9988,87,123.175717524437,86.2506389530082,1,10000,50
0.925,100,89.9995,85,110.325383244389,80.3042761015316,1,10000,50
0.809,100,94.082325,84,121.839504921291,80.5179374212912,1,10000,50
0.9295,100,87.749325,81,109.405007799924,77.5072977999244,1,10000,50
0.9745,100,82.9998,81,100.139584537823,75.2249095378228,1,10000,50
0.9335,100,87.749325,81,109.574449974883,77.6393437248832,1,10000,50
0.86,100,93.049395,87,113.065683132191,82.4549081321909,1,10000,50
0.973,100,85.083125,83,100.230789831703,78.1077023317033,1,10000,50
