"p","truediv","chaoest","obsD","upper","lower","l","inds","reps"
0.631,150.25,148.528099910794,129.433083096039,159.17048061233,138.043088267832,-1,1000,50
0.967,150.25,141.061846935894,123.731749566939,150.939197720876,129.848568851404,-1,1000,50
0.808,150.25,145.669291338583,127.258844489692,155.855961374943,135.43274833639,-1,1000,50
0.766,150.25,146.523907304195,127.909951394218,156.43828846733,136.359725177867,-1,1000,50
0.6455,150.25,148.307600950119,129.265770423992,158.093924037738,138.398303300886,-1,1000,50
0.2425,150.25,154.024051803886,133.582687683676,164.82141081849,143.120961657479,-1,1000,50
0.4855,150.25,150.497137692076,130.924325739722,160.824261394581,140.23929753358,-1,1000,50
0.988,150.25,137.338465768491,120.860526951898,147.985230235296,125.840221274453,-1,1000,50
0.952,150.25,141.181458451103,123.823675086677,152.003518742296,130.516568094647,-1,1000,50
0.439,150.25,150.951949229375,131.268049356787,160.598790449992,141.285720420297,-1,1000,50
0.1445,150.25,155.510585305106,134.698275862069,165.654530270951,145.350728905111,-1,1000,50
0.957,150.25,140.783540022548,123.517786561265,151.504839962335,129.502812896696,-1,1000,50
0.7115,150.25,147.388610209502,128.567755206994,157.193192571686,137.111818354005,-1,1000,50
0.841,150.25,145.161290322581,126.871352448617,155.385938926684,134.964057152944,-1,1000,50
0.369,150.25,151.777575205105,131.891321551042,161.861474424856,141.826773684959,-1,1000,50
0.9095,150.25,143.205275229358,125.376128385155,153.537918601891,132.943658794775,-1,1000,50
0.617,150.25,148.793565683647,129.634430904848,159.219471549183,138.270700524569,-1,1000,50
0.8765,150.25,143.989622369559,125.976316452507,154.712802051094,132.667896683161,-1,1000,50
0.138,150.25,156.386975579212,135.354629128316,166.893165547245,145.435558079971,-1,1000,50
0.517,150.25,150,130.548302872063,160.930263301292,139.192614631166,-1,1000,50
0.5925,150.25,149.015513126492,129.802699896158,159.722968485335,138.600934575914,-1,1000,50
0.637,150.25,148.528099910794,129.433083096039,158.567696908723,138.605314051092,-1,1000,50
0.7145,150.25,147.214854111406,128.435653737478,157.778189629898,136.456930566429,-1,1000,50
0.6445,150.25,148.351648351649,129.29919834497,158.736183399157,138.111411719164,-1,1000,50
0.463,150.25,150.769695140357,131.1303435615,160.291410830701,140.734865952774,-1,1000,50
0.1265,150.25,155.753040224509,134.879956838414,164.925367507681,146.758728393778,-1,1000,50
0.651,150.25,148.307600950119,129.265770423992,158.032966225834,137.927443640979,-1,1000,50
0.431,150.25,151.043241608709,131.337010769635,161.034743772583,140.811388467267,-1,1000,50
0.835,150.25,145.287958115184,126.968004062976,155.145118645566,135.03330693273,-1,1000,50
0.787,150.25,146.052631578948,127.551020408163,156.100399116453,136.100770816757,-1,1000,50
0.254,150.25,153.929121725732,133.511348464619,164.473813913621,143.241752838036,-1,1000,50
0.1995,150.25,154.596100278552,134.01232913428,164.888948545348,143.607941770781,-1,1000,50
0.1555,150.25,155.559015882903,134.734572891404,166.121336524957,144.989576929412,-1,1000,50
0.547,150.25,149.640503295387,130.276185513288,158.994161943297,140.168709808666,-1,1000,50
0.1875,150.25,154.691855063488,134.084204880665,164.658451121214,145.042614050838,-1,1000,50
0.539,150.25,149.595687331537,130.24225058609,160.453236392071,138.704153652388,-1,1000,50
0.425,150.25,151.180387409201,131.440588853838,161.547358906965,140.484315277433,-1,1000,50
0.524,150.25,149.730215827339,130.344108446298,160.243420212456,139.083886454133,-1,1000,50
0.066,150.25,158.169727675745,136.686714051394,167.603453132923,147.661693510924,-1,1000,50
0.635,150.25,148.439821693908,129.366106080207,157.717317217428,138.913276978776,-1,1000,50
0.692,150.25,147.562776957164,128.700128700129,157.591958672235,137.404904358296,-1,1000,50
0.5185,150.25,150.045058576149,130.582397492818,160.645797388044,139.727322125054,-1,1000,50
0.109,150.25,156.386975579212,135.354629128316,166.100854188328,146.737934963149,-1,1000,50
0.0215,150.25,160.766012230448,138.619351261436,171.46169891952,150.38643120317,-1,1000,50
0.267,150.25,153.59778597786,133.262260127932,164.196804879874,142.919089178406,-1,1000,50
0.1945,150.25,154.691855063488,134.084204880665,164.351135451476,144.882124347394,-1,1000,50
0.7615,150.25,146.437994722956,127.844541038098,157.155036764331,135.58111461604,-1,1000,50
0.839,150.25,145.330229851615,127.000254000508,155.280421404493,135.293921729802,-1,1000,50
0.6865,150.25,147.606382978724,128.733264675592,157.872952902,137.144116139231,-1,1000,50
0.0015,150.25,165.014866204163,141.763538417919,175.319801466356,155.049748792788,-1,1000,50
