"p","truediv","chaoest","obsD","upper","lower","l","inds","reps"
0.9825,200,112.995,63,189.981411104911,80.4909611049107,1,10000,50
0.9995,200,69.999,60,108.957140094643,56.0452650946429,1,10000,50
0.9985,200,85.9975,61,149.029155313929,63.7038553139286,1,10000,50
1,200,62.249375,56,88.1375082725893,52.3073582725893,1,10000,50
1,200,71.6656,61,109.851711025625,57.856511025625,1,10000,50
1,200,60.1246875,57,79.18931873625,52.19171873625,1,10000,50
1,200,66.9992,59,96.2677523058036,55.8551273058036,1,10000,50
0.9985,200,79.665,63,133.679072582507,62.1858225825069,1,10000,50
1,200,59.16625,55,77.6866904151786,50.8557404151786,1,10000,50
1,200,60.79992,60,79.0727520353572,53.7418520353571,1,10000,50
0.9965,200,90.9968,59,154.137773677054,66.9794236770536,1,10000,50
1,200,65.1243875,59,90.7912906284821,54.2944406284821,1,10000,50
1,200,63.49955,59,87.7824619345536,54.1856219345536,1,10000,50
1,200,73.49875,61,119.425292230804,57.5977422308036,1,10000,50
1,200,60.1246875,57,80.1267764503571,52.2958264503571,1,10000,50
0.868,200,145.49155,61,260.620663949375,91.303363949375,1,10000,50
1,200,65.1243875,59,93.1712414986813,54.8412414986813,1,10000,50
1,200,60.56234375,59,79.5268240083036,53.5291240083036,1,10000,50
0.997,200,80.16465,60,142.277875367411,57.9110128674107,1,10000,50
1,200,58.49995,58,74.4352410041964,52.1036410041964,1,10000,50
1,200,58.3333,58,71.4867728022322,53.4881728022321,1,10000,50
1,200,62.9992,55,84.5804233446429,53.2495233446429,1,10000,50
1,200,68.39936,62,92.186860633544,58.356210633544,1,10000,50
0.9995,200,73.9984,58,115.410533904554,57.0158739045536,1,10000,50
1,200,67.39936,61,96.9362621845536,56.4401121845536,1,10000,50
1,200,60.1246875,57,80.3148296916964,52.3172296916964,1,10000,50
1,200,71.248775,59,107.835098285268,57.0891732852679,1,10000,50
1,200,62.249375,56,88.3891337158036,52.7256337158036,1,10000,50
1,200,70.248775,58,108.938312720357,55.1930877203571,1,10000,50
0.9995,200,69.6656,59,107.512778190357,56.1841781903571,1,10000,50
0.9995,200,74.49865,61,120.429608210268,59.1848332102679,1,10000,50
0.9985,200,78.665,62,134.30711656625,60.06424156625,1,10000,50
1,200,74.49875,62,120.109603961964,58.7403414619643,1,10000,50
1,200,58.56234375,57,80.8041995899107,51.2069595899107,1,10000,50
0.9975,200,81.9982,64,146.16805618342,62.2476776119918,1,10000,50
1,200,70.1239875,60,102.841090383929,56.6784403839286,1,10000,50
1,200,59.89991,59,71.4452647389286,54.6134147389286,1,10000,50
1,200,69.6656,59,107.835294005536,55.9651815055357,1,10000,50
1,200,61.16625,57,81.6239166361607,52.7267066361607,1,10000,50
0.998,200,79.247975,59,133.834145709821,57.5912707098214,1,10000,50
1,200,59.1246875,56,78.4904329078572,51.4928329078571,1,10000,50
1,200,57.49985,56,72.0735144617857,52.0753144617857,1,10000,50
1,200,71.49875,59,103.339047125179,58.9679846251786,1,10000,50
1,200,59.49975,57,79.2482359361607,52.0006609361607,1,10000,50
1,200,61.59964,58,87.2754467741072,53.2785467741071,1,10000,50
1,200,67.16585,59,98.8396649433929,55.0103149433929,1,10000,50
1,200,65.9994,60,90.7604020277679,56.5135270277678,1,10000,50
1,200,61.16625,57,83.8460103434821,52.5151103434821,1,10000,50
0.999,200,83.9975,59,146.867295638214,59.3751456382143,1,10000,50
0.991,200,90.16385,62,172.472965004911,62.1500650049107,1,10000,50
