"p","truediv","chaoest","obsD","upper","lower","l","inds","reps"
0.8075,5.95,5.88064184920925,5.87777311866295,6.04433458994909,5.72199374190402,-1,10000,50
0.4605,5.95,5.96099189855952,5.95803612166643,6.13138689425583,5.80060045955079,-1,10000,50
0.163,5.95,6.02922828048749,6.02619756816413,6.2033065618161,5.87262415469318,-1,10000,50
0.291,5.95,5.99800246542556,5.99500615986883,6.17318720594588,5.8375451737687,-1,10000,50
0.3285,5.95,5.98638273048022,5.98339917864683,6.144323885684,5.81909993889348,-1,10000,50
0.596,5.95,5.93072528517481,5.92780244863292,6.09182867648624,5.77484216046343,-1,10000,50
0.179,5.95,6.02415155196461,6.02112644678637,6.1890195873462,5.84429067240195,-1,10000,50
0.8475,5.95,5.86886838544665,5.86601230126244,6.03029184103018,5.70708452801368,-1,10000,50
0.3955,5.95,5.97255028076182,5.9695818761584,6.13973030943297,5.81037342269852,-1,10000,50
0.8425,5.95,5.86474727918895,5.8618956151145,6.03093325064,5.70522665540725,-1,10000,50
0.0995,5.95,6.06094844659933,6.0578825834543,6.22681945991502,5.8988140816268,-1,10000,50
0.533,5.95,5.9426962189261,5.93976037581101,6.11149780862582,5.78121112153214,-1,10000,50
0.4165,5.95,5.96953727041401,5.96657216014136,6.14107109985191,5.8053140861605,-1,10000,50
0.9475,5.95,5.81337885276611,5.81058199951424,5.97915157144442,5.65335551306415,-1,10000,50
0.2245,5.95,6.01094197033376,6.00793143075763,6.16811890105948,5.853839159413,-1,10000,50
0.5925,5.95,5.93197292471717,5.92904873393465,6.10740924351733,5.7690455622346,-1,10000,50
0.3215,5.95,5.99071896895646,5.98773066085745,6.15702970660488,5.82369550278267,-1,10000,50
0.8335,5.95,5.86882636033339,5.86597032124048,6.03474097007919,5.71466106247685,-1,10000,50
0.077,5.95,6.06908597343732,6.06601106027929,6.22746196924121,5.90704833017803,-1,10000,50
0.6145,5.95,5.92603286859106,5.92311512261322,6.09556491651379,5.77368291604515,-1,10000,50
0.988,5.95,5.76284467707148,5.76010123032306,5.92794298113461,5.60346551344411,-1,10000,50
0.4525,5.95,5.96235825311669,5.95940098485061,6.13436602250819,5.79843180620094,-1,10000,50
0.4125,5.95,5.96856662356533,5.96560257418137,6.13080637247292,5.81152048099667,-1,10000,50
0.908,5.95,5.83595724757137,5.83313636776198,6.00755643405586,5.67441488563363,-1,10000,50
0.6295,5.95,5.92262735070376,5.91971329644563,6.10283264553941,5.76596156788286,-1,10000,50
0.107,5.95,6.05899457411248,6.05593088196518,6.2281057961831,5.89169821050372,-1,10000,50
0.933,5.95,5.82785634902372,5.82504410140889,5.99211108936933,5.66374777617064,-1,10000,50
0.342,5.95,5.98571330737987,5.98273048947829,6.1615804565308,5.82301714043163,-1,10000,50
0.3775,5.95,5.97528637332327,5.97231497559175,6.13409919765975,5.81820954665334,-1,10000,50
0.896,5.95,5.84208526277758,5.8392578443422,6.00897922078148,5.68230208427816,-1,10000,50
0.2415,5.95,6.00836086940063,6.00535317181736,6.1676562053613,5.85009256276993,-1,10000,50
0.542,5.95,5.93974429694848,5.93681166379266,6.09528108373022,5.77924575810805,-1,10000,50
0.077,5.95,6.06994146048655,6.06686559514495,6.232356022876,5.90521997988844,-1,10000,50
0.3415,5.95,5.98638273048022,5.98339917864683,6.15071164835972,5.82491752144768,-1,10000,50
0.7555,5.95,5.89079008933334,5.88791043593265,6.04942555728606,5.72632950871998,-1,10000,50
0.908,5.95,5.84041252389112,5.83758689102148,5.99870387101693,5.67763616248137,-1,10000,50
0.953,5.95,5.81111184080144,5.80831739434235,5.97299160582573,5.65820894286443,-1,10000,50
0.1925,5.95,6.02376613401208,6.0207414543101,6.19932387123502,5.85988667621263,-1,10000,50
0.9965,5.95,5.7183301217886,5.71563329731341,5.87548274181955,5.56201704715722,-1,10000,50
0.6905,5.95,5.90914280729848,5.90624334809343,6.07106561152516,5.74742422112224,-1,10000,50
0.0805,5.95,6.06845317137518,6.06537896245142,6.24232888727697,5.90408995113391,-1,10000,50
0.531,5.95,5.94427752564916,5.94133996228437,6.10740033025724,5.78402627680328,-1,10000,50
0.7105,5.95,5.9029737433083,5.90008094911062,6.07235293169205,5.73958974676417,-1,10000,50
0.4995,5.95,5.95108929514556,5.9481443157808,6.11723007511582,5.78670269142559,-1,10000,50
0.7615,5.95,5.89102609196081,5.88814618429874,6.05625223988101,5.73818214665261,-1,10000,50
0.661,5.95,5.91549135790433,5.91258503184164,6.07406035048093,5.75531424806744,-1,10000,50
0.025,5.95,6.10741127853607,6.10429356475606,6.27163370443656,5.94973372492277,-1,10000,50
0.277,5.95,5.99642912915225,5.9934345520543,6.15531457218068,5.83888532238563,-1,10000,50
0.4605,5.95,5.95634941247842,5.95339870006349,6.12034838238417,5.78973634741062,-1,10000,50
0.8305,5.95,5.86984477756405,5.86698764564944,6.03234832831255,5.7023408723993,-1,10000,50
