"p","truediv","chaoest","obsD","upper","lower","l","inds","reps"
0.9055,100.5,94.0323795180726,86.0289057123193,103.488285715355,84.279381824277,-1,1000,50
0.382,100.5,102.001225239943,92.6440615156568,111.48810384139,92.4833351067742,-1,1000,50
0.56,100.5,99.97998398719,90.9752547307132,108.563852067456,91.6906291557791,-1,1000,50
0.8265,100.5,96.0023063617147,87.6731544800982,104.877657222832,86.8320977521972,-1,1000,50
0.6305,100.5,98.950079239303,90.1225666906994,107.290728445822,89.9991728767824,-1,1000,50
0.676,100.5,97.9988228369632,89.3335715561908,108.635122967598,87.2648804798652,-1,1000,50
0.3735,100.5,102.063751532489,92.6955876900259,111.561324990379,92.4524057608288,-1,1000,50
0.174,100.5,105.069415229281,95.1655881233346,114.972083764,95.4375394167878,-1,1000,50
0.2425,100.5,103.889351081531,94.197437829691,113.389547441646,94.5483829330306,-1,1000,50
0.6585,100.5,98.1335952848726,89.4454382826476,109.365511925355,87.5204228118481,-1,1000,50
0.45,100.5,101.195299837926,91.9793966151582,111.628686180226,90.4639908446494,-1,1000,50
0.55,100.5,99.9799839871901,90.9752547307132,110.443515539672,89.8812082858752,-1,1000,50
0.971,100.5,91.0499453153484,83.5282325425994,100.719669968315,81.6761484403595,-1,1000,50
0.148,100.5,105.446485117163,95.4745083062822,115.184467680211,96.2428720895256,-1,1000,50
0.6475,100.5,98.6374407582941,89.863407620417,108.412106096036,89.3574746316729,-1,1000,50
0.764,100.5,96.5964030168249,88.1678716275789,107.449060627583,86.1487795015468,-1,1000,50
0.376,100.5,102.001225239943,92.6440615156568,111.819983654346,92.116479812676,-1,1000,50
0.386,100.5,102.001225239943,92.6440615156568,112.32186125025,92.1818698530732,-1,1000,50
0.0675,100.5,107.627666451196,97.2573429293912,117.216383273507,98.4035159716483,-1,1000,50
0.143,100.5,105.379746835443,95.4198473282443,114.800127207443,96.2184961329016,-1,1000,50
0.376,100.5,101.959583588488,92.6097425449157,110.943982594709,93.4016182807464,-1,1000,50
0.9555,100.5,91.955081001473,84.2886041807148,101.872702562155,82.152185158709,-1,1000,50
0.8515,100.5,95.0342465753428,86.8658790826963,105.173136096775,84.9573661073139,-1,1000,50
0.8375,100.5,95.5249569707404,87.2752661895619,105.721389120394,85.8075870816634,-1,1000,50
0.008,100.5,112.703068592058,101.378751013788,122.097660768082,103.6641049876,-1,1000,50
0.6405,100.5,98.6959098992297,89.9118863513757,109.43141843904,88.2226749200425,-1,1000,50
0.7095,100.5,97.7495107632097,89.126559714795,108.198926110535,88.1756990067483,-1,1000,50
0.8615,100.5,95.4701834862388,87.2295882763433,104.809837374825,86.2499762357404,-1,1000,50
0.42,100.5,101.503759398497,92.2339051835455,111.613875725532,91.3612608309511,-1,1000,50
0.386,100.5,102.189034369886,92.7988121752042,113.168670849883,91.9562627912017,-1,1000,50
0.3965,100.5,101.731160896131,92.4214417744917,110.476360363689,92.819518043647,-1,1000,50
0.958,100.5,91.3162705667279,83.7520938023451,101.713973278383,80.402314856908,-1,1000,50
0.7135,100.5,97.2736124634862,88.7311446317657,108.022634134401,86.5980304169419,-1,1000,50
0.0745,100.5,107.257891346361,96.9555943377933,116.674858941162,97.6408341433359,-1,1000,50
0.1135,100.5,106.685177274669,96.487842531841,116.811474336052,96.3786395036063,-1,1000,50
0.6315,100.5,98.6959098992297,89.9118863513757,109.192229940609,88.5361812120471,-1,1000,50
5e-04,100.5,114.328221560998,102.690490860546,123.202775748385,105.379936139391,-1,1000,50
0.0405,100.5,107.929991356958,97.5039001560062,116.796156356988,99.5801401699709,-1,1000,50
0.4065,100.5,101.710445937691,92.4043614858621,111.762255048473,91.6989235125598,-1,1000,50
0.371,100.5,102.168132542443,92.781592132121,112.610827682131,91.3266573070518,-1,1000,50
0.6005,100.5,99.2647058823532,90.3832248734635,109.022509676265,89.933327621979,-1,1000,50
0.1805,100.5,104.629241726016,94.8047023132347,114.005376563169,95.9967742264548,-1,1000,50
0.523,100.5,100.341502611491,91.2741876597298,109.864895336466,91.3135618496523,-1,1000,50
0.0645,100.5,107.60448082723,97.2384286269934,116.947541064044,98.7066647171221,-1,1000,50
0.367,100.5,102.39852398524,92.9713648196356,112.753973175314,92.493379050991,-1,1000,50
0.4965,100.5,100.503018108652,91.4076782449726,110.419398383764,90.7995292977072,-1,1000,50
0.638,100.5,98.8717339667461,90.0576368876081,108.047915626892,90.0731055509223,-1,1000,50
0.482,100.5,100.685345696432,91.558322651529,110.524121213891,91.5500892694321,-1,1000,50
0.6255,100.5,98.8521670294877,90.0414190527643,108.244216449035,89.3571801217473,-1,1000,50
0.025,100.5,110.582244852779,99.6611520829181,120.704103388013,100.488251245937,-1,1000,50
