"p","truediv","chaoest","obsD","upper","lower","l","inds","reps"
0.993,100,68.07925,64,85.6011513557942,59.7500263557942,1,1000,50
0,100,167.902,70,283.25215759724,124.14840759724,1,1000,50
0.4575,100,110.20775,68,200.092538091071,80.2085380910714,1,1000,50
0.987,100,74.7799285714286,69,94.1390695000406,65.1610695000406,1,1000,50
0.9745,100,75.991,67,100.08714340231,64.1983934023102,1,1000,50
0.9745,100,75.5549375,68,100.276760545589,64.1119605455888,1,1000,50
0.954,100,79.0879,67,109.235112369708,65.1106123697084,1,1000,50
0.979,100,73.1357142857143,66,97.2850465235702,61.8185465235702,1,1000,50
0.9145,100,86.23775,74,115.445240005971,72.2107854605167,1,1000,50
0.9895,100,72.07925,68,88.768408275,63.992208275,1,1000,50
0.9895,100,73.74325,67,93.2576426393013,63.8633926393013,1,1000,50
0.989,100,71.04595,67,91.270639060419,61.244689060419,1,1000,50
0.8495,100,87.103875,66,136.137066704208,66.7055667042083,1,1000,50
0.994,100,67.4985,66,83.301842155788,59.487342155788,1,1000,50
0.9925,100,71.5668571428571,67,89.2597402642358,63.2777402642358,1,1000,50
0.9875,100,74.4955,70,91.3352877540022,65.3572877540022,1,1000,50
0.99,100,75.74325,69,94.4428146124438,65.7665146124438,1,1000,50
5e-04,100,154.909,64,287.455776280357,109.792276280357,1,1000,50
0.9635,100,78.07325,68,104.865939211357,65.6511892113574,1,1000,50
0.958,100,81.07325,71,105.794831424647,69.3283314246472,1,1000,50
0.923,100,83.3856,69,114.010825475456,68.1202629754558,1,1000,50
0.991,100,70.0574375,65,89.2519893548889,60.3642393548889,1,1000,50
0.9815,100,75.24375,69,95.3267541129745,64.8940683986888,1,1000,50
0.9795,100,75.1357142857143,68,97.8482829256806,64.4937114971091,1,1000,50
0.933,100,83.23775,71,113.745022177506,69.1170221775063,1,1000,50
0.9665,100,79.992,72,103.419480919902,68.233030919902,1,1000,50
0.9705,100,77.991,69,102.227334182093,66.5630341820929,1,1000,50
0.964,100,77.2754285714286,67,106.793766691889,64.3312666918894,1,1000,50
0.9645,100,79.2754285714286,69,102.758329768956,66.8497672689561,1,1000,50
0.9425,100,78.4875,66,116.744392171279,63.8746421712787,1,1000,50
0.103,100,125.4395,65,207.478017568019,93.7318675680195,1,1000,50
0.993,100,74.039625,72,90.2702661032967,65.5538911032967,1,1000,50
0.9845,100,69.118875,63,91.8587510695492,59.7608760695492,1,1000,50
0.9585,100,79.0879,67,107.479026679721,65.5190266797212,1,1000,50
0.989,100,70.8951,66,89.7500285991508,62.6619928848651,1,1000,50
0.9175,100,85.06925,71,117.238759141068,70.3556841410683,1,1000,50
0.993,100,70.7195,68,86.3979807693494,62.8322307693494,1,1000,50
0.992,100,72.5668571428571,68,87.9550318502529,64.1960318502529,1,1000,50
0.989,100,72.992,65,92.2411429919955,63.1541429919955,1,1000,50
0.955,100,81.07325,71,107.913097153996,68.3930792968531,1,1000,50
0.9815,100,76.5549375,69,97.6375322300137,65.9493390481956,1,1000,50
0.6585,100,99.096875,71,151.883510389102,76.5927246748158,1,1000,50
0.9955,100,73.9061818181818,71,89.2743665956766,65.8356808813909,1,1000,50
0.977,100,75.0919,67,98.3710549258928,64.2979924258929,1,1000,50
0.9855,100,70.328,65,92.0761278862013,60.9376278862013,1,1000,50
0.994,100,68.7195,66,84.4850249926698,60.9795499926698,1,1000,50
0.988,100,71.74325,65,93.0863929665709,61.5167501094281,1,1000,50
0.9765,100,73.325,65,99.5364839492508,61.6537339492507,1,1000,50
0.991,100,72.328,67,89.2990391657467,63.465753451461,1,1000,50
0.993,100,71.996,68,88.0294368273477,64.0672761130619,1,1000,50
