"p","truediv","chaoest","obsD","upper","lower","l","inds","reps"
0.0085,100.5,112.020632428796,100.82677959266,121.436394756312,102.344960889705,-1,1000,50
0.2535,100.5,104.345101316065,94.5715906941555,115.580886568463,93.8107107926986,-1,1000,50
0.497,100.5,100.462590506839,91.3742690058479,109.616911084369,91.8868128827794,-1,1000,50
0.351,100.5,102.377536380406,92.954080684142,112.498112627442,92.6058816674504,-1,1000,50
0.2095,100.5,104.301524326582,94.535829079221,114.261847177426,94.7307073019562,-1,1000,50
0.05,100.5,109.061135371179,98.4251968503937,118.9749420087,99.165700781515,-1,1000,50
0.12,100.5,106.32183908046,96.1908426317815,116.244139787072,96.4359626359803,-1,1000,50
0.7205,100.5,97.8835978835982,89.2379082634303,107.252808306892,88.6433021772724,-1,1000,50
0.3695,100.5,101.876402202733,92.5411808254673,111.358348185293,92.3833549351865,-1,1000,50
0.8995,100.5,93.9262880782251,85.940185630801,104.046521188048,84.3618068162865,-1,1000,50
0.658,100.5,98.4624482554704,89.7182845863987,108.68133630751,88.8181151430874,-1,1000,50
0.177,100.5,105.268703898841,95.3288846520496,115.456256067416,94.8799041206782,-1,1000,50
0.847,100.5,95.671327331929,87.3973081629086,105.668974965089,86.163706894173,-1,1000,50
0.2135,100.5,104.323308270677,94.553706505295,113.648415767629,94.8856254097192,-1,1000,50
0.552,100.5,99.9399759903964,90.9421607857403,109.533877271059,90.5864425596728,-1,1000,50
0.623,100.5,98.9696849613635,90.1388137732107,108.662685579469,89.6505380717093,-1,1000,50
0.1675,100.5,105.202190395957,95.2743902439024,114.699420361676,95.9513434576871,-1,1000,50
0.9,100.5,94.0677966101698,86.0585197934596,103.960062514927,84.3279501155638,-1,1000,50
0.78,100.5,96.9714618520678,88.4799150592816,105.990774327693,88.0723709490354,-1,1000,50
0.8395,100.5,95.6530065109157,87.3820342537574,105.712547585906,85.7527475130389,-1,1000,50
0.1625,100.5,105.401983540832,95.4380606986066,114.962881919938,95.7788326859415,-1,1000,50
0.02,100.5,110.046265697291,99.2260369120857,119.941306646104,100.6907354486,-1,1000,50
0.43,100.5,101.380150192815,92.1319329279528,111.26014903766,91.0470773992671,-1,1000,50
0.45,100.5,101.195299837926,91.9793966151582,112.030658327711,90.1464404880679,-1,1000,50
0.236,100.5,104.27974947808,94.5179584120983,114.835968751712,93.0994907038688,-1,1000,50
0.416,100.5,101.524390243903,92.2509225092251,111.553628991329,91.6794035801535,-1,1000,50
0.7935,100.5,96.3541666666669,87.9662209711471,106.659204400653,86.8267802659228,-1,1000,50
0.7455,100.5,97.1978984238182,88.6682035821954,107.028840884166,87.6098267415973,-1,1000,50
0.444,100.5,101.236319416295,92.0132499079868,111.625727216171,89.7316975449164,-1,1000,50
0.9725,100.5,92.1076894707729,84.4166807361134,100.721636041136,83.7517267123916,-1,1000,50
0.013,100.5,111.346411056621,100.280786201364,120.122146426212,101.686062927222,-1,1000,50
0.459,100.5,100.909090909091,91.743119266055,111.009792723051,90.9744355500593,-1,1000,50
0.294,100.5,103.11725846408,93.562874251497,112.704044851456,93.8718191868786,-1,1000,50
0.518,100.5,100.220706260032,91.1743253099927,111.360504551556,89.5288441346696,-1,1000,50
0.037,100.5,109.876814782226,99.0883868410622,120.739817230313,99.5738949400534,-1,1000,50
0.115,100.5,106.867779204108,96.6370313103981,116.980612362825,96.2880507685433,-1,1000,50
0.847,100.5,95.671327331929,87.3973081629086,105.42591439391,86.5155571798546,-1,1000,50
0.0535,100.5,108.610567514677,98.0584428319278,117.952290244759,98.5865998266001,-1,1000,50
0.038,100.5,110.926049300467,99.940035978413,122.156620494451,99.1852980801177,-1,1000,50
0.599,100.5,99.1661703394881,90.3016073686112,108.966016698222,89.126803475046,-1,1000,50
0.898,100.5,94.566452101477,86.475268073331,104.08796902786,85.8317209397406,-1,1000,50
0.274,100.5,103.587722936541,93.9496429913566,113.397874753268,94.1461103015449,-1,1000,50
0.316,100.5,102.735499794324,93.248787765759,112.073653634708,93.1323078991034,-1,1000,50
0.062,100.5,108.351409978308,97.8473581213307,118.388862438306,98.5464926563322,-1,1000,50
0.9545,100.5,92.9648241206033,85.1353652307168,102.233070332557,84.4186831506921,-1,1000,50
0.0165,100.5,112.5,101.214574898785,123.207487119037,101.341739200717,-1,1000,50
0.2635,100.5,103.716777408638,94.0556809631302,112.970557093069,94.226511752743,-1,1000,50
0.2655,100.5,103.330575093091,93.7382827146607,112.405268368291,94.3698452104201,-1,1000,50
0.5265,100.5,100.200601805417,91.1577028258888,108.933556454842,91.4833221225153,-1,1000,50
0.839,100.5,95.7630368098163,87.4737578726382,104.834970300066,86.6343832790633,-1,1000,50
