"p","truediv","chaoest","obsD","upper","lower","l","inds","reps"
0.0085,100,136.069875,81,199.895980278466,104.041480278466,1,1000,50
0.708,100,96.3926818181818,80,122.806136390331,80.8266488903314,1,1000,50
0.9705,100,84.4935,78,100.62169346685,74.1078934668505,1,1000,50
0.865,100,89.1232272727273,76,120.326151752137,73.811160843046,1,1000,50
0.604,100,99.98,80,131.397530383942,82.8517803839422,1,1000,50
0.9185,100,88.7902,79,108.615367210103,76.9773672101028,1,1000,50
0.773,100,94.4490769230769,82,117.256471777719,80.2585237257708,1,1000,50
0.774,100,94.6247272727273,83,117.413385728132,80.8745107281324,1,1000,50
0.127,100,113.021409090909,89,145.35553533231,94.3399353323103,1,1000,50
0.763,100,94.103875,73,124.705056088134,77.8219810881343,1,1000,50
0.915,100,89.365625,80,107.820896098681,77.3632037909884,1,1000,50
0.979,100,81.5552647058824,78,98.6244032124984,71.7836304852257,1,1000,50
0.9025,100,89.23775,77,110.666113337273,77.1771258372727,1,1000,50
0.965,100,82.992,75,101.114213558689,72.4459953768704,1,1000,50
0.041,100,126.20775,84,184.953206726369,97.6639339990962,1,1000,50
0.8555,100,92.2170454545455,82,113.460352007609,80.0962395076085,1,1000,50
0.91,100,87.656,77,109.332870953764,74.7394959537644,1,1000,50
0.96,100,84.5268,78,103.905543838325,73.3289813383247,1,1000,50
0.847,100,91.7872,79,115.734382086656,78.5282378558864,1,1000,50
0.8645,100,91.8363076923077,82,110.80898538274,79.5455568113115,1,1000,50
0.572,100,100.0395,84,126.105279989137,85.234337681445,1,1000,50
0.7815,100,93.984,78,121.629138852037,79.3767102806084,1,1000,50
0.892,100,89.23875,78,111.170440504947,75.8331405049468,1,1000,50
0.975,100,82.3171071428571,78,100.017462859823,72.7155992234591,1,1000,50
0.9835,100,78.77746875,75,96.5638409007841,68.0843409007841,1,1000,50
0.312,100,109.3676,77,155.047338391151,86.3121383911511,1,1000,50
0.499,100,101.98,82,132.197336150997,84.6989952419059,1,1000,50
0.6695,100,97.356625,79,126.870871863405,80.3968575776911,1,1000,50
0.9275,100,86.878,76,107.661477095195,74.6785395951948,1,1000,50
0.9365,100,86.0276785714286,78,107.265260388593,73.8038422067744,1,1000,50
0.648,100,98.03195,80,128.642353836945,81.7153730677147,1,1000,50
0.8185,100,93.3111071428571,83,114.636188445001,80.554152730715,1,1000,50
0.971,100,83.5329230769231,78,101.358359269655,73.4499592696554,1,1000,50
0.6155,100,99.3926818181818,83,126.532843624624,83.4447799882608,1,1000,50
0.982,100,80.5552647058824,77,98.6664677355941,70.7578248784512,1,1000,50
0.7685,100,94.0395,78,121.868973096767,78.7071730967675,1,1000,50
0.8545,100,91.1042692307692,80,114.357436924943,77.7880369249434,1,1000,50
0.691,100,97.03195,79,126.701906013708,80.1403167279941,1,1000,50
0.8175,100,92.6247272727273,81,117.192811819063,79.2756435498323,1,1000,50
0.9155,100,89.365625,80,108.725455514055,77.2095324371321,1,1000,50
0.9355,100,87.1585,79,106.262475214487,75.3893752144872,1,1000,50
0.7445,100,95.1636363636364,77,127.251058506228,78.2077817205137,1,1000,50
0.9505,100,86.6741363636364,79,104.656001681059,76.1522289537859,1,1000,50
0.8565,100,91.029625,79,114.310076619155,76.4513558399346,1,1000,50
0.782,100,94.7872,82,116.488194850432,82.0870519932896,1,1000,50
0.8775,100,89.986,76,112.810014725837,76.5781290115517,1,1000,50
0.9655,100,81.992,74,103.333487987024,71.5218254870243,1,1000,50
0.989,100,79.4590769230769,77,93.9593003896702,71.3759003896702,1,1000,50
0.9215,100,87.7902,78,110.038456778466,75.730294278466,1,1000,50
0.944,100,87.6741363636364,80,105.022044339171,77.1671443391713,1,1000,50
