"p","truediv","chaoest","obsD","upper","lower","l","inds","reps"
0.246,50.5,51.095599206917,50.840908628719,52.7634811949008,49.4680673271242,-1,10000,50
0.3405,50.5,50.8428037525742,50.5906457895935,52.4402369340089,49.2356247145982,-1,10000,50
0.8365,50.5,49.6735130237105,49.4329057057437,51.3793458551363,48.0081005340261,-1,10000,50
0.1725,50.5,51.2625695574469,51.0061992934621,52.8010877723207,49.6949737140988,-1,10000,50
0.603,50.5,50.2830211451192,50.0364265185055,51.9404759865723,48.6598220188077,-1,10000,50
0.6135,50.5,50.2850441345682,50.0384295138667,51.9314908362987,48.627533734879,-1,10000,50
0.2185,50.5,51.1294081792735,50.8743779335438,52.7415830368168,49.5179062440554,-1,10000,50
0.267,50.5,50.9640300677074,50.7106591777165,52.5351517891419,49.3601895462471,-1,10000,50
0.167,50.5,51.3141850697737,51.057294453544,52.9796078639791,49.6899430931501,-1,10000,50
0.698,50.5,50.0764242658562,49.831867279798,51.6925323878756,48.4532901011767,-1,10000,50
0.968,50.5,48.9958760946772,48.7618393746002,50.5847490380599,47.3449146971051,-1,10000,50
0.8635,50.5,49.6422422267367,49.4019401129921,51.1495484383675,48.0867919535627,-1,10000,50
0.7905,50.5,49.8029101754533,49.561037887431,51.4897914472874,48.2354938080369,-1,10000,50
0.6085,50.5,50.2693702226753,50.0229104930058,51.864591090342,48.6579723069559,-1,10000,50
0.4325,50.5,50.6186726659167,50.3687496159383,52.216742088814,48.9809778273414,-1,10000,50
0.8025,50.5,49.7741025329587,49.5325121503252,51.3828086685856,48.1640697628508,-1,10000,50
0.7035,50.5,50.0474497273142,49.8031778411717,51.6125673269192,48.3960459036884,-1,10000,50
0.8065,50.5,49.8088642742072,49.5669337002608,51.3941553033889,48.2362099147651,-1,10000,50
0.3095,50.5,50.8956494119946,50.642963058997,52.4946552533363,49.2673858880626,-1,10000,50
0.4575,50.5,50.5696226218521,50.3201873521216,52.1708556737135,49.0519910210627,-1,10000,50
0.6005,50.5,50.292783571527,50.0460924511475,51.8457227604289,48.7143549129794,-1,10000,50
0.645,50.5,50.2074276262868,49.9615795453296,51.8856871361762,48.6065664330399,-1,10000,50
0.608,50.5,50.2624464777079,50.0160551537043,51.9069521066978,48.6092763809799,-1,10000,50
0.825,50.5,49.7200975804775,49.4790352379793,51.3199894006861,48.1323408139125,-1,10000,50
0.5415,50.5,50.3945278165294,50.1468299179999,52.0536363383258,48.6751443301603,-1,10000,50
0.157,50.5,51.341481699039,51.084315684724,53.0158488053811,49.7263792149718,-1,10000,50
0.322,50.5,50.8908313034343,50.6381931482474,52.5245328901279,49.2947481849783,-1,10000,50
0.0105,50.5,52.5472736273542,52.2777958426606,54.1751692161921,50.8861229111898,-1,10000,50
0.0395,50.5,51.932767348058,51.669599777614,53.5356315709166,50.3257824739891,-1,10000,50
0.261,50.5,51.0502077951252,50.7959728952689,52.6537507418717,49.4279897358477,-1,10000,50
0.347,50.5,50.8427520476424,50.5905946013765,52.4564518639264,49.1783668846142,-1,10000,50
0.613,50.5,50.2581011595703,50.011752761899,52.0159954567894,48.5530411225495,-1,10000,50
0.074,50.5,51.7052012360847,51.44435161597,53.2917095793851,50.0978680359277,-1,10000,50
0.455,50.5,50.5932653629165,50.3435950361215,52.3241442705885,48.911407495231,-1,10000,50
0.811,50.5,49.7752423052224,49.5336407721304,51.3830421078075,48.2235506109439,-1,10000,50
0.2715,50.5,51.0106214735381,50.756783644134,52.5726548382503,49.3779737554524,-1,10000,50
0.071,50.5,51.734146813427,51.473002924696,53.302760917317,50.1124773376399,-1,10000,50
0.557,50.5,50.3861984447248,50.1385830435323,52.1411534290912,48.696966515937,-1,10000,50
0.055,50.5,51.8146797377085,51.5527162610671,53.4859146745482,50.2160530788502,-1,10000,50
0.858,50.5,49.5878342926232,49.3480627431009,51.2933639141089,47.8621195554921,-1,10000,50
0.14,50.5,51.4138685298173,51.1559714877077,53.0325604820091,49.7805136132226,-1,10000,50
0.135,50.5,51.383273277409,51.125685339812,53.0025722671818,49.7645731537488,-1,10000,50
0.892,50.5,49.4980396815968,49.2591424968474,51.1203742790612,47.910737814078,-1,10000,50
0.4425,50.5,50.6071952408283,50.3573863710755,52.2283654653393,48.9677108578605,-1,10000,50
0.124,50.5,51.4101148205504,51.1522557121724,52.9467463553142,49.9346477639659,-1,10000,50
0.4715,50.5,50.5392572614485,50.2901237237624,52.1209761996573,48.9033749052617,-1,10000,50
0.2525,50.5,51.0238968805972,50.7699259266781,52.4642560244903,49.4274579385591,-1,10000,50
0.059,50.5,51.7329155655076,51.4717841973387,53.1903180850679,50.1729893646388,-1,10000,50
0.78,50.5,49.8974006842616,49.6546025844228,51.4486561247768,48.2255028910446,-1,10000,50
0.61,50.5,50.2509784843994,50.0047004418415,51.9021030242464,48.5702382743597,-1,10000,50
