"p","truediv","chaoest","obsD","upper","lower","l","inds","reps"
0.019,100,100,100,100.01850005,100.01850005,1,10000,50
0.007,100,100,100,100.006750025,100.006750025,1,10000,50
5e-04,100,100,100,100.0005,100.0005,1,10000,50
0.361,100,100,100,100.356250475,99.356250475,1,10000,50
5e-04,100,100,100,100.0005,100.0005,1,10000,50
0.018,100,100,100,100.0170001,100.0170001,1,10000,50
5e-04,100,100,100,100.000250025,100.000250025,1,10000,50
0.249270017025992,100,100,100,100,100,1,10000,50
0.001,100,100,100,100.001,100.001,1,10000,50
0.247245108010247,100,100,100,100,100,1,10000,50
0.0035,100,100,100,100.002750075,100.002750075,1,10000,50
0.9985,100,100,100,99.999750075,99.999750075,1,10000,50
0.0085,100,100,100,100.007750075,100.007750075,1,10000,50
0.707200516713783,100,100,100,100,100,1,10000,50
0.128,100,100,100,100.128,99.128,1,10000,50
0.003,100,100,100,100.00250005,100.00250005,1,10000,50
0.0215,100,100,100,100.01900025,100.01900025,1,10000,50
0.002,100,100,100,100.002,100.002,1,10000,50
0.873489829478785,100,100,100,100,100,1,10000,50
0.281703093089163,100,100,100,100,100,1,10000,50
0.0205,100,100,100,100.0205,100.0205,1,10000,50
0.0235,100,100,100,100.0215002,100.0215002,1,10000,50
0.011,100,100,100,100.009750125,100.009750125,1,10000,50
0.377,100,100,100,100.376250075,99.376250075,1,10000,50
0.003,100,100,100,100.003,100.003,1,10000,50
5e-04,100,100,100,100.0005,100.0005,1,10000,50
5e-04,100,100,100,100.0005,100.0005,1,10000,50
0.001,100,100,100,100.001,100.001,1,10000,50
0.019,100,100,100,100.017750125,100.017750125,1,10000,50
5e-04,100,100,100,100.0005,100.0005,1,10000,50
0.119393292814493,100,100,100,100,100,1,10000,50
0.008,100,100,100,100.008,100.008,1,10000,50
0.0225,100,100,100,100.0225,100.0225,1,10000,50
5e-04,100,100,100,100.0005,100.0005,1,10000,50
5e-04,100,100,100,100.000250025,100.000250025,1,10000,50
0.0185,100,100,100,100.017750075,100.017750075,1,10000,50
0.561608160613105,100,100,100,100,100,1,10000,50
0.320046230684966,100,100,100,100,100,1,10000,50
0.0505,100,100,100,100.044750575,99.044750575,1,10000,50
0.003,100,100,100,100.002750025,100.002750025,1,10000,50
0.0015,100,100,100,100.0015,100.0015,1,10000,50
0.315902061527595,100,100,100,100,100,1,10000,50
0.002,100,100,100,100.002,100.002,1,10000,50
0.149366179015487,100,100,100,100,100,1,10000,50
0.884532348718494,100,100,100,100,100,1,10000,50
0.001,100,100,100,100.00050005,100.00050005,1,10000,50
0.001,100,100,100,100.001,100.001,1,10000,50
0.003,100,100,100,100.003,100.003,1,10000,50
0.322583951987326,100,100,100,100,100,1,10000,50
0.630676847649738,100,100,100,100,100,1,10000,50
