"p","truediv","chaoest","obsD","upper","lower","l","inds","reps"
0.91,200,183.447355,157,212.37270717138,164.90403217138,1,10000,50
0.9965,200,160.034910714286,152,179.787378274551,148.388503274551,1,10000,50
0.918,200,183.04305,159,211.862408122676,164.731827534441,1,10000,50
0.205,200,212.880426923077,171,252.633674306885,188.135794306885,1,10000,50
0.9955,200,171.604502631579,164,191.359435633949,159.355600339831,1,10000,50
0.1805,200,214.5408,168,257.663752934865,187.762870934865,1,10000,50
0.9955,200,170.763529411765,159,190.718422284157,157.637797284157,1,10000,50
0.981,200,175.665,159,197.974607229085,160.977507229085,1,10000,50
1,200,158.03293,154,172.260827072279,148.699683322279,1,10000,50
0.9915,200,172.03213,160,194.032324005949,158.96695477518,1,10000,50
0.9955,200,169.280121875,158,189.152903331573,156.388713331573,1,10000,50
0.981,200,175.665,159,197.691837821481,160.663190946481,1,10000,50
0.911,200,183.04305,159,211.558740428692,165.096320428692,1,10000,50
0.9945,200,167.0240975,158,186.857661089223,154.155486089223,1,10000,50
0.7835,200,191.9975,167,221.345126290149,172.996388790149,1,10000,50
0.9965,200,169.9991,161,189.580207770066,157.632102770066,1,10000,50
0.8145,200,190.1792,164,218.967024694184,171.607224694184,1,10000,50
0.918,200,184.9982,167,209.285128339009,169.176932356866,1,10000,50
0.9835,200,170.332,157,194.744330555967,156.003557341682,1,10000,50
0.7195,200,194.032710714286,164,229.032245645747,173.086440645747,1,10000,50
0.9815,200,174.09879,162,196.971040299319,160.041385036161,1,10000,50
0.865,200,186.40625,158,217.006715284151,166.540174107681,1,10000,50
0.9805,200,175.284285714286,161,196.795785237995,161.118197737995,1,10000,50
0.99,200,171.883226923077,158,192.710708263803,157.928372549517,1,10000,50
0.0105,200,241.242775,169,307.127505558249,204.723148415392,1,10000,50
0.995,200,164.248875,153,183.934982533994,152.351182533994,1,10000,50
0.977,200,173.18,155,199.709168217875,157.24812893216,1,10000,50
0.9105,200,184.036057692308,160,212.819876188522,165.537490474236,1,10000,50
0.993,200,171.1239875,161,189.090342082247,159.403422082247,1,10000,50
0.978,200,174.919660526316,161,199.211903809058,159.998479289827,1,10000,50
0.9875,200,172.891567857143,160,193.919207654185,159.513394673416,1,10000,50
0.671,200,196.3719625,166,231.338072122013,175.080298372013,1,10000,50
0.9905,200,174.03213,162,192.747377089446,160.507834589446,1,10000,50
0.9715,200,179.779871875,166,201.00347399739,165.563461140247,1,10000,50
0.9895,200,173.332,160,195.57303386461,159.07638386461,1,10000,50
0.9225,200,184.0394625,162,210.800396092019,167.141962342019,1,10000,50
0.99,200,172.999,163,193.150438920579,159.744146420579,1,10000,50
0.9885,200,176.570271428571,165,194.717169684921,164.14779825635,1,10000,50
0.921,200,182.19758,158,213.401715924613,164.072215924613,1,10000,50
0.976,200,174.048195,156,199.760552793351,158.813647793351,1,10000,50
0.9885,200,174.763529411765,163,195.341560819158,161.314851995628,1,10000,50
0.997,200,163.9991,155,183.25085579468,151.73227454468,1,10000,50
0.992,200,171.460292307692,159,192.085076496502,158.211506496502,1,10000,50
0.9895,200,173.021725,163,193.976911839155,159.460847133272,1,10000,50
0.9565,200,178.156378947368,163,205.609657797306,162.312157525567,1,10000,50
0.9765,200,175.4431,162,199.461903385286,161.049178385286,1,10000,50
0.974,200,176.1234875,161,200.329120473218,161.471295473218,1,10000,50
0.96,200,179.998,160,202.908451204594,164.392553079594,1,10000,50
0.9925,200,171.763529411765,160,192.036542555775,158.578892555775,1,10000,50
0.6245,200,197.6328,162,231.97072641056,174.499683553417,1,10000,50
